499595256270946326
159985870458322944
458276816071950337
828062271246565386
542695276444385312
825391873148715119
707259879819313233
535534275639115777
549645396205633540
418911231429181440
853115348353155133
892417274676387870
689778709720334377
821187800270766091
852972431941304350
895154736448294974
852583074264776754
823923802807205919
790519076295671828
614105614981005362
480423464935751700
684330486835052565
531460033729527838
808452085083144203
478339212207456256
842853414328467496
853333015660331039
786921072003252226
824523273085386812
727326663083556945
505703987618775041
399343829276295168
673526992079028234
734166891085430786
590396902172917761
870979342870675488
754325661077995581
444736436344848384
812441125306499074
858204155012972544
392800942954905610
852655563217436712
852981140541538314
859070005520760862
690161403956559909
887007701626912860
863700477685661716
686942104999428161
869490847920558150
488350936981307403
852854784439746560
888095185538547803
582538796122505228
887620505157382204
781239568175071262
792026497011286016
690804255531073598
581434041992216586
886417290504052857
842043787718557706
888399219113750578
887001772185514026
886766846819319829
891383701131378749
861821429066235926
709801598909677630
714160817028989060
843744587360501786
853220248885788692
885324377342742568
886300547286728725
886164214367014972
885325387456974848
526465351857340416
874538224930934785
844835430645891092
874289858078720031
732472884202831982
887630380444815402
278884590267924481
887210381209137273
823985995140694068
767984831526469643
873001727400480830
789064571422769185
886960682925432893
885328919660748900
887139162908667984
886343310208294932
812829175312154635
886992862175195216
840992663061659669
887913850924572672
