904091691571642398
905120984196071435
892752565022900257
904311773975416883
904086937047023636
904088496493457449
905477035768574042
904079451799826472
890235763038507078
905160581395402763
908403195016011777
904430526763520030
890476170104147998
906557581324083200
906562966793629707
904315040604254208
904072283176456303
904073079565742080
906593622319857697
908402473012695080
904315477143195670
904073702751227965
910591465888026675
889929702406512650
904318305895071786
906604032980840570
904433082520698900
905156283831836703
906588599640817664
906473659907055626
906600648383017020
904084302017495130
892754472055504987
885568955769577484
906590301550968893
905119618744590336
890471687567597619
905487716219772930
905482317210980362
904092202257514528
905488689558335530
890234948299133010
904076936538640405
892830933911220235
904316775913619487
904310753035706439
904076350871191562
904318649429532752
905118234880135218
904081945602965524
905482094539591771
906601415374438400
904079711460819014
